





    6
111111111111111111

                      44444

  3                                          
1111111111111111111111111111111111111111111111111111111111111111111111/





3                             6
111111111111111111111111111111111/
                                                                     5      5     5     5                             
                                                                     1      1     1     1                          
                                                                                                               
                                                                                                              2             
                                                                                                               
    3                                                                                                                              6
111111111111111111111111111111111111111111111111111111111111111111111111111111111111111111111111111111111111111111111111111111111111/









3          5555555555555555555                     6
1111111111111111111111111111111111111111111111111111















